auc
0,0.8765211333023688
1,0.861708103655277
2,0.8733316390468763
3,0.8824619442813451
4,0.8660162651499882
5,0.8831617137999632
6,0.8701951642727568
7,0.856623491573846
8,0.8786261381661394
9,0.8839767240094998
Avg,0.8732622317258061
Std,0.00948149094109785
precision (0)
0,0.833204334365325
1,0.8075768942235559
2,0.8183200304066894
3,0.8118401206636501
4,0.8130664652567976
5,0.8325599381283836
6,0.8115341123256691
7,0.8024599329109207
8,0.833204334365325
9,0.8364413364413364
Avg,0.8200207499087652
Std,0.012595911036838084
precision (1)
0,1.0
1,1.0
2,1.0
3,1.0
4,1.0
5,1.0
6,1.0
7,0.0
8,1.0
9,1.0
Avg,0.9
Std,0.31622776601683794
recall (0)
0,1.0
1,1.0
2,1.0
3,1.0
4,1.0
5,1.0
6,1.0
7,1.0
8,1.0
9,1.0
Avg,1.0
Std,0.0
recall (1)
0,0.18679245283018867
1,0.03207547169811321
2,0.09811320754716982
3,0.05849056603773585
4,0.0660377358490566
5,0.1830188679245283
6,0.05660377358490566
7,0.0
8,0.18679245283018867
9,0.20566037735849058
Avg,0.10735849056603772
Std,0.07598072574998897
f1-score (0)
0,0.9090141439729786
1,0.8935463789167878
2,0.9000836120401337
3,0.896149843912591
4,0.8968964799000209
5,0.9086305127664064
6,0.8959633791094465
7,0.8904052936311001
8,0.9090141439729786
9,0.9109371694520838
Avg,0.9010640957674527
Std,0.007599403959299483
f1-score (1)
0,0.31478537360890296
1,0.06215722120658135
2,0.17869415807560138
3,0.1105169340463458
4,0.1238938053097345
5,0.30940988835725675
6,0.10714285714285715
7,0.0
8,0.31478537360890296
9,0.3411580594679186
Avg,0.18625436708241017
Std,0.12393298039980438
support (0)
0,2153
1,2153
2,2153
3,2153
4,2153
5,2153
6,2153
7,2153
8,2153
9,2153
Avg,2153.0
Std,0.0
support (1)
0,530
1,530
2,530
3,530
4,530
5,530
6,530
7,530
8,530
9,530
Avg,530.0
Std,0.0
accuracy
0,0.8393589265747298
1,0.8087961237420798
2,0.8218412225121133
3,0.8140141632500931
4,0.8155050316809541
5,0.8386134923592993
6,0.813641446142378
7,0.8024599329109207
8,0.8393589265747298
9,0.8430860976518822
Avg,0.823667536339918
Std,0.015009237662129755
