auc
0,0.6677014959380942
1,0.6677014959380942
2,0.6677014959380942
3,0.6677014959380942
4,0.6677014959380942
5,0.6677014959380942
6,0.6677014959380942
7,0.6677014959380942
8,0.6677014959380942
9,0.6677014959380942
Avg,0.6677014959380942
Std,0.0
precision (0)
0,0.8612740989103101
1,0.8612740989103101
2,0.8612740989103101
3,0.8612740989103101
4,0.8612740989103101
5,0.8612740989103101
6,0.8612740989103101
7,0.8612740989103101
8,0.8612740989103101
9,0.8612740989103101
Avg,0.8612740989103103
Std,1.1702778228589004e-16
precision (1)
0,0.67003367003367
1,0.67003367003367
2,0.67003367003367
3,0.67003367003367
4,0.67003367003367
5,0.67003367003367
6,0.67003367003367
7,0.67003367003367
8,0.67003367003367
9,0.67003367003367
Avg,0.6700336700336699
Std,1.1702778228589004e-16
recall (0)
0,0.9544821179749187
1,0.9544821179749187
2,0.9544821179749187
3,0.9544821179749187
4,0.9544821179749187
5,0.9544821179749187
6,0.9544821179749187
7,0.9544821179749187
8,0.9544821179749187
9,0.9544821179749187
Avg,0.9544821179749187
Std,0.0
recall (1)
0,0.3754716981132076
1,0.3754716981132076
2,0.3754716981132076
3,0.3754716981132076
4,0.3754716981132076
5,0.3754716981132076
6,0.3754716981132076
7,0.3754716981132076
8,0.3754716981132076
9,0.3754716981132076
Avg,0.3754716981132075
Std,5.851389114294502e-17
f1-score (0)
0,0.9054857898215466
1,0.9054857898215466
2,0.9054857898215466
3,0.9054857898215466
4,0.9054857898215466
5,0.9054857898215466
6,0.9054857898215466
7,0.9054857898215466
8,0.9054857898215466
9,0.9054857898215466
Avg,0.9054857898215467
Std,1.1702778228589004e-16
f1-score (1)
0,0.4812575574365175
1,0.4812575574365175
2,0.4812575574365175
3,0.4812575574365175
4,0.4812575574365175
5,0.4812575574365175
6,0.4812575574365175
7,0.4812575574365175
8,0.4812575574365175
9,0.4812575574365175
Avg,0.48125755743651755
Std,0.0
support (0)
0,2153
1,2153
2,2153
3,2153
4,2153
5,2153
6,2153
7,2153
8,2153
9,2153
Avg,2153.0
Std,0.0
support (1)
0,530
1,530
2,530
3,530
4,530
5,530
6,530
7,530
8,530
9,530
Avg,530.0
Std,0.0
accuracy
0,0.8401043607901603
1,0.8401043607901603
2,0.8401043607901603
3,0.8401043607901603
4,0.8401043607901603
5,0.8401043607901603
6,0.8401043607901603
7,0.8401043607901603
8,0.8401043607901603
9,0.8401043607901603
Avg,0.8401043607901604
Std,0.0
